101
-13.816000 2.800000
-12.848000 3.126667
-12.188000 3.406667
-11.000000 3.920000
-9.812000 4.153333
-8.712000 3.966666
-8.228000 3.080000
-8.140000 2.286667
-7.612000 2.006667
-7.348000 2.566667
-7.480000 3.546667
-7.700000 4.713333
-8.360000 5.226666
-8.844000 5.460000
-9.812000 5.366666
-11.000000 5.133333
-11.968000 4.666666
-13.024000 4.200000
-13.684000 4.013333
-14.520000 3.873333
-14.784000 4.153333
-14.784000 4.853333
-14.784000 5.880000
-14.784000 6.533333
-15.356000 6.533333
-15.840000 5.226666
-15.840000 2.800000
-15.488000 1.260000
-15.136000 0.326667
-14.300000 -0.653333
-12.804000 -1.493333
-11.088000 -2.333333
-10.032000 -3.033333
-9.240000 -3.733333
-8.184000 -4.106666
-8.272000 -4.480000
-8.668000 -5.693333
-9.284000 -7.093333
-9.900000 -8.493333
-10.384000 -9.426666
-10.340000 -9.940000
-9.460000 -10.126666
-8.712000 -9.240000
-8.184000 -7.326666
-7.568000 -5.693333
-7.260000 -4.573333
-6.512000 -3.686667
-5.412000 -3.593333
-4.092000 -3.686667
-3.124000 -3.966666
-2.112000 -4.433333
-1.540000 -4.526666
-0.308000 -4.153333
1.188000 -3.546667
2.376000 -2.893333
3.476000 -2.566667
5.544000 -2.146667
6.996000 -1.353333
8.756000 0.373333
9.944000 1.773333
10.912000 2.893333
11.572000 3.920000
12.452000 4.666666
13.464000 4.900000
14.300000 4.293333
14.388000 3.220000
13.772000 1.820000
14.300000 1.306667
14.828000 2.333333
15.092000 3.780000
14.740000 4.713333
14.344000 5.320000
13.904000 5.740000
12.540000 5.366666
11.132000 4.620000
9.812000 3.220000
8.492000 1.213333
7.392000 -0.186667
6.028000 -1.166667
4.752000 -1.306667
3.828000 -1.306667
3.036000 -0.653333
3.036000 0.046667
3.344000 1.446667
3.608000 3.313333
3.608000 5.506666
3.168000 7.700000
2.684000 9.613333
1.848000 10.640000
0.836000 10.873333
-0.044000 10.826666
-0.264000 10.220000
2.068000 8.633333
2.376000 4.573333
1.628000 0.233333
0.132000 -1.353333
-1.804000 -2.240000
-6.380000 -2.426667
-9.988000 -1.540000
-13.420000 0.513333
-14.344000 2.566667

20
20.000000 6.000000
13.904000 6.740000
12.540000 6.366666
10.132000 5.620000
8.812000 4.220000
7.492000 2.213333
6.392000 0.686667
6.028000 0.166667
4.752000 0.006667
4.828000 1.306667
4.844000 1.446667
4.808000 3.313333
4.808000 5.506666
4.768000 7.700000
4.184000 9.613333
3.848000 10.640000
2.336000 11.373333
1.044000 12.526666
0.000000 15.000000
20.000000 15.000000

14
-20.000000 -0.653333
-15.300000 -1.653333
-13.804000 -2.493333
-12.088000 -3.333333
-11.032000 -4.033333
-10.240000 -4.733333
-9.684000 -5.106666
-10.168000 -5.693333
-10.784000 -7.093333
-11.500000 -8.493333
-11.984000 -9.426666
-11.940000 -9.940000
-11.940000 -15.000000
-20.000000 -15.000000
