25
-14.300000 2.286667
-15.180000 1.773333
-16.104000 0.560000
-16.500000 -0.746667
-16.676000 -2.613333
-16.676000 -4.200000
-16.676000 -6.160000
-16.324000 -7.886666
-16.148000 -8.866666
-15.708000 -9.986666
-14.960000 -11.060000
-13.728000 -11.619999
-11.836000 -11.853333
-10.780000 -11.713333
-10.648000 -11.013333
-11.440000 -11.013333
-12.760000 -11.013333
-13.904000 -10.546666
-15.048000 -9.333333
-15.620000 -6.906666
-15.928000 -4.620000
-15.884000 -2.706667
-15.400000 -0.560000
-14.960000 0.653333
-14.256000 1.540000

48
-5.192000 0.886667
-6.424000 0.606667
-7.788000 0.093333
-8.492000 -0.560000
-9.020000 -1.633333
-9.328000 -3.220000
-9.460000 -4.106666
-9.460000 -5.553333
-9.152000 -7.420000
-8.492000 -8.726666
-7.524000 -9.473333
-5.368000 -9.613333
-3.388000 -9.660000
-1.848000 -9.660000
0.396000 -9.333333
1.584000 -9.240000
3.828000 -8.586666
5.676000 -7.700000
7.436000 -6.160000
9.064000 -4.293333
9.856000 -1.960000
10.516000 0.140000
10.516000 1.353333
9.724000 1.353333
9.724000 0.700000
9.416000 -0.513333
9.328000 -1.306667
8.712000 -3.126667
8.008000 -4.620000
6.952000 -5.740000
5.632000 -6.766666
4.576000 -7.420000
3.696000 -7.746666
1.892000 -8.213333
0.396000 -8.633333
-1.584000 -8.773333
-3.300000 -9.053333
-5.060000 -9.053333
-6.820000 -8.540000
-7.700000 -8.540000
-8.668000 -7.513333
-8.800000 -6.300000
-8.888000 -4.713333
-8.888000 -2.426667
-8.228000 -0.933333
-7.304000 -0.093333
-5.984000 0.326667
-5.060000 0.233333

52
-15.312000 7.186666
-15.224000 6.673333
-14.388000 5.786666
-13.552000 4.993333
-11.968000 4.620000
-10.472000 4.246666
-9.108000 4.200000
-7.436000 4.060000
-5.632000 3.920000
-4.268000 4.106666
-2.728000 4.246666
-0.880000 4.386666
0.264000 4.993333
2.420000 5.786666
3.608000 6.440000
5.016000 6.953333
5.984000 7.140000
6.248000 5.693333
6.160000 4.153333
6.160000 3.266667
5.676000 2.566667
4.664000 1.446667
3.784000 0.326667
2.596000 -0.700000
1.320000 -1.213333
-0.440000 -1.540000
-1.188000 -1.633333
-0.968000 -2.286667
1.100000 -2.100000
2.376000 -1.633333
4.356000 -0.233333
6.028000 1.633333
6.864000 3.080000
7.040000 4.153333
7.040000 5.786666
6.864000 7.140000
6.644000 7.793333
5.896000 7.980000
4.664000 7.793333
3.828000 7.466666
2.684000 6.673333
1.012000 5.880000
-0.396000 5.040000
-1.232000 4.900000
-3.608000 4.666666
-5.676000 4.620000
-6.952000 4.760000
-9.020000 5.040000
-10.516000 5.226666
-12.672000 5.880000
-13.772000 6.626666
-14.652000 7.886666

30
9.988000 7.840000
11.176000 7.793333
12.100000 7.793333
13.508000 7.466666
14.872000 6.860000
15.928000 6.113333
16.588000 4.713333
17.071999 2.986667
17.071999 0.653333
17.071999 -0.840000
16.807999 -2.473333
16.016000 -3.966666
15.004000 -5.786666
13.552000 -7.046666
12.672000 -7.746666
11.792000 -8.726666
11.308000 -9.193333
11.660000 -9.613333
13.464000 -8.820000
14.784000 -7.140000
16.104000 -5.833333
17.731999 -1.960000
17.775999 0.980000
17.731999 3.826666
17.203999 5.786666
15.972000 7.560000
15.004000 8.026666
13.464000 8.446666
11.308000 8.773333
9.988000 8.446666

49
-19.095999 2.753333
-19.139999 4.106666
-19.227999 5.880000
-18.919999 7.326666
-18.303999 8.820000
-18.039999 10.360000
-17.027999 11.106666
-16.236000 11.106666
-15.224000 11.106666
-14.168000 11.106666
-13.288000 11.106666
-11.704000 10.873333
-10.868000 10.500000
-9.900000 9.846666
-7.964000 9.053333
-5.940000 8.493333
-3.784000 8.493333
-2.772000 8.493333
-1.364000 8.680000
0.308000 9.380000
1.276000 10.406666
1.496000 11.293333
0.792000 11.386666
0.396000 10.780000
-0.308000 10.220000
-1.144000 9.753333
-2.508000 9.380000
-3.652000 9.520000
-4.884000 9.566666
-6.072000 9.660000
-8.140000 10.126666
-9.108000 10.453333
-10.340000 11.153333
-11.484000 11.573333
-12.496000 11.666666
-13.596000 11.806666
-15.180000 11.899999
-16.500000 11.619999
-17.995999 11.386666
-18.655999 10.546666
-19.183999 9.380000
-19.447999 8.586666
-19.623999 7.606666
-19.887999 6.486666
-19.887999 5.600000
-20.019999 4.573333
-19.799999 3.593333
-19.667999 3.033333
-19.623999 2.520000

