111
-2.552000 2.240000
-3.652000 2.006667
-4.444000 1.306667
-4.752000 -0.560000
-4.488000 -1.726667
-3.564000 -2.893333
-1.408000 -3.780000
-0.484000 -3.640000
1.408000 -2.753333
2.288000 -1.913333
3.036000 0.046667
3.344000 3.126667
2.948000 4.106666
2.112000 4.900000
1.144000 5.366666
-0.528000 5.693333
-1.980000 5.786666
-4.268000 5.973333
-6.512000 5.693333
-7.700000 4.806666
-8.888000 3.593333
-9.944000 2.100000
-10.032000 0.700000
-10.164000 -0.933333
-10.120000 -2.426667
-9.680000 -4.713333
-9.240000 -5.740000
-8.228000 -6.626666
-6.600000 -7.326666
-4.708000 -7.653333
-3.344000 -7.840000
-0.748000 -7.840000
0.748000 -7.840000
2.948000 -7.373333
4.576000 -6.533333
5.544000 -5.460000
6.512000 -3.313333
7.084000 -1.213333
7.568000 3.033333
7.348000 5.226666
6.556000 7.606666
4.884000 8.773333
1.936000 9.613333
-1.232000 10.126666
-4.972000 9.846666
-7.480000 9.706666
-9.944000 8.446666
-11.308000 7.000000
-13.024000 5.133333
-13.596000 3.220000
-14.036000 0.466667
-14.080000 -0.513333
-13.420000 -0.606667
-13.288000 0.466667
-13.156000 1.960000
-12.760000 3.873333
-12.100000 5.040000
-11.440000 5.786666
-10.428000 7.326666
-9.460000 7.840000
-8.228000 8.353333
-7.304000 8.773333
-5.940000 8.960000
-4.532000 9.053333
-3.300000 9.146666
-2.024000 9.286666
-0.264000 9.240000
1.804000 8.960000
3.168000 8.446666
4.664000 7.700000
5.764000 6.906666
6.292000 5.413333
6.468000 3.453333
6.732000 1.773333
6.688000 -0.186667
6.204000 -1.726667
5.456000 -3.686667
4.884000 -4.853333
3.828000 -5.833333
2.684000 -6.160000
0.616000 -6.953333
-0.968000 -7.093333
-2.288000 -6.953333
-4.092000 -6.626666
-6.028000 -6.300000
-7.128000 -5.880000
-8.272000 -5.040000
-9.108000 -4.013333
-9.504000 -1.773333
-9.548000 0.886667
-8.932000 2.426667
-8.184000 3.360000
-6.908000 4.200000
-6.204000 4.760000
-5.060000 5.086666
-3.520000 5.086666
-1.892000 4.993333
-0.220000 4.573333
1.584000 4.200000
2.024000 3.686667
2.376000 2.286667
2.288000 0.280000
1.892000 -1.120000
1.408000 -1.913333
0.000000 -2.753333
-1.892000 -3.033333
-3.124000 -2.566667
-4.004000 -1.306667
-4.004000 0.326667
-3.784000 1.353333
-2.508000 1.773333

